48 c7 c7 a0 a1 60 55 /* code3 */
48 c7 c6 b0 a1 60 55
c3
00 00 00 00 00 00 00 00 /* buffer size */
00 00 00 00 00 00 00 00
00 00 00 00 00 00 00 00
00 00 00 00 00 00 00 00
00 00 00 00 00 00 00 00
00 00 00 00 00 00 00 00
00 00 00 00 00 00 00 00
00 00 00 00 00 00 00 00
00 00 00 00 00 00 00 00
00 00 00 00 00 00 00 00
00 00 00 00 00 00 00 00
00
28 a1 60 55 00 00 00 00 /* rsp */
22 18 40 00 00 00 00 00 /* touch3 */
34 65 64 36 35 39 61 32 /* cookie */
00 00 00 00 00 00 00 00
50 14 00 00 /* mult solution */
4e 15 00 00
b4 14 00 00
06 0c 00 00
15 14 00 00
22 0b 00 00

